goodimg_0.tga 0.key 1.000001 0.000000 -0.000000 0.000000 1.000001 0.000000 -0.000000 0.000000 1.000000
goodimg_1.tga 1.key 0.964598 0.056632 -0.257579 -0.055963 0.998385 0.009932 0.257725 0.004835 0.966206
goodimg_2.tga 2.key 0.799311 -0.040470 -0.599573 0.091974 0.994243 0.055548 0.593887 -0.099533 0.798410
goodimg_3.tga 3.key 0.964901 0.036126 -0.260129 0.022227 0.975710 0.217953 0.261684 -0.216082 0.940655
goodimg_4.tga 4.key 0.998833 0.015068 0.045901 -0.026146 0.967546 0.251341 -0.040624 -0.252247 0.966810
goodimg_5.tga 5.key 0.886631 0.046813 0.460102 -0.053961 0.998541 0.002388 -0.459319 -0.026945 0.887863
